1
0
E1M1 1 1 0 -1 -1 -1 1 0 0 0 0 -1 -1 -1
E1M2 1 2 0 -1 -1 -1 0 0 0 0 0 -1 -1 -1
E1M3 1 3 0 -1 -1 -1 0 0 0 0 0 -1 -1 -1
E1M4 1 4 0 -1 -1 -1 0 0 0 0 0 -1 -1 -1
E1M5 1 5 0 -1 -1 -1 0 0 0 0 0 -1 -1 -1
E1M6 1 6 0 -1 -1 -1 0 0 0 0 0 -1 -1 -1
E1M7 1 7 0 -1 -1 -1 0 0 0 0 0 -1 -1 -1
E1M8 1 8 0 -1 -1 -1 0 0 0 0 0 -1 -1 -1
E1M9 1 9 0 -1 -1 -1 0 0 0 0 0 -1 -1 -1
E2M1 2 1 0 -1 -1 -1 0 0 0 0 0 -1 -1 -1
E2M2 2 2 0 -1 -1 -1 0 0 0 0 0 -1 -1 -1
E2M3 2 3 0 -1 -1 -1 0 0 0 0 0 -1 -1 -1
E2M4 2 4 0 -1 -1 -1 0 0 0 0 0 -1 -1 -1
E2M5 2 5 0 -1 -1 -1 0 0 0 0 0 -1 -1 -1
E2M6 2 6 0 -1 -1 -1 0 0 0 0 0 -1 -1 -1
E2M7 2 7 0 -1 -1 -1 0 0 0 0 0 -1 -1 -1
E2M8 2 8 0 -1 -1 -1 0 0 0 0 0 -1 -1 -1
E2M9 2 9 0 -1 -1 -1 0 0 0 0 0 -1 -1 -1
E3M1 3 1 0 -1 -1 -1 0 0 0 0 0 -1 -1 -1
E3M2 3 2 0 -1 -1 -1 0 0 0 0 0 -1 -1 -1
E3M3 3 3 0 -1 -1 -1 0 0 0 0 0 -1 -1 -1
E3M4 3 4 0 -1 -1 -1 0 0 0 0 0 -1 -1 -1
E3M5 3 5 0 -1 -1 -1 0 0 0 0 0 -1 -1 -1
E3M6 3 6 0 -1 -1 -1 0 0 0 0 0 -1 -1 -1
E3M7 3 7 0 -1 -1 -1 0 0 0 0 0 -1 -1 -1
E3M8 3 8 0 -1 -1 -1 0 0 0 0 0 -1 -1 -1
E3M9 3 9 0 -1 -1 -1 0 0 0 0 0 -1 -1 -1
E4M1 4 1 0 -1 -1 -1 0 0 0 0 0 -1 -1 -1
E4M2 4 2 0 -1 -1 -1 0 0 0 0 0 -1 -1 -1
E4M3 4 3 0 -1 -1 -1 0 0 0 0 0 -1 -1 -1
E4M4 4 4 0 -1 -1 -1 0 0 0 0 0 -1 -1 -1
E4M5 4 5 0 -1 -1 -1 0 0 0 0 0 -1 -1 -1
E4M6 4 6 0 -1 -1 -1 0 0 0 0 0 -1 -1 -1
E4M7 4 7 0 -1 -1 -1 0 0 0 0 0 -1 -1 -1
E4M8 4 8 0 -1 -1 -1 0 0 0 0 0 -1 -1 -1
E4M9 4 9 0 -1 -1 -1 0 0 0 0 0 -1 -1 -1
